0 0.696203 0.171802 0.078481 0.0336134
0 0.206962 0.370215 0.0594937 0.0345472
0 0.191139 0.0929038 0.106329 0.0326797
0 0.605696 0.729225 0.064557 0.0298786
0 0.16519 0.173203 0.0822785 0.0326797
0 0.362658 0.85014 0.0721519 0.0308123
0 0.126582 0.688142 0.23038 0.0336134
0 0.56962 0.690009 0.118987 0.031746
0 0.175316 0.29085 0.155696 0.0345472
0 0.662025 0.254435 0.0810127 0.0308123
0 0.259494 0.128385 0.0911392 0.0326797
0 0.884177 0.970588 0.143038 0.0289449
0 0.0746835 0.170401 0.0936709 0.0345472
0 0.303797 0.689076 0.0759494 0.0298786
0 0.26962 0.489729 0.0582278 0.0289449
0 0.482911 0.211018 0.0594937 0.0298786
0 0.0772152 0.0901027 0.111392 0.0345472
0 0.563291 0.60831 0.0759494 0.0308123
0 0.748734 0.253501 0.0822785 0.0308123
0 0.939873 0.771709 0.0468354 0.0270775
0 0.394937 0.252568 0.207595 0.0345472
0 0.725949 0.211951 0.0594937 0.0298786
0 0.520253 0.332866 0.0607595 0.0308123
0 0.394937 0.689076 0.0962025 0.0336134
0 0.864557 0.132586 0.220253 0.0354809
0 0.53038 0.293184 0.118987 0.0336134
0 0.926582 0.534547 0.0860759 0.0326797
0 0.371519 0.133053 0.122785 0.0345472
0 0.839873 0.291783 0.160759 0.0326797
0 0.828481 0.809524 0.0518987 0.0298786
0 0.668354 0.450047 0.0556962 0.031746
0 0.21519 0.848273 0.108861 0.0326797
0 0.648101 0.211951 0.0835443 0.0336134
0 0.605696 0.333333 0.0772152 0.031746
0 0.101899 0.368347 0.153165 0.0345472
0 0.927848 0.573763 0.0810127 0.0308123
0 0.874684 0.173203 0.162025 0.0364146
0 0.512658 0.731559 0.136709 0.0345472
0 0.0632911 0.252568 0.0886076 0.0345472
0 0.0639241 0.76564 0.0696203 0.0298786
0 0.253797 0.171335 0.0797468 0.0345472
0 0.546835 0.650794 0.0658228 0.031746
0 0.0518987 0.889356 0.0531646 0.0270775
0 0.133544 0.727824 0.0594937 0.0289449
0 0.920253 0.611111 0.0860759 0.0308123
0 0.155063 0.131186 0.102532 0.0326797
0 0.735443 0.609711 0.248101 0.0336134
0 0.696835 0.730159 0.0924051 0.0336134
0 0.594304 0.850607 0.0772152 0.0298786
0 0.561392 0.211485 0.0746835 0.0308123
0 0.621519 0.65126 0.0531646 0.0289449
0 0.372785 0.768908 0.0949367 0.0308123
0 0.796203 0.732026 0.0835443 0.031746
0 0.908861 0.730159 0.111392 0.0336134
0 0.588608 0.809057 0.0607595 0.0289449
0 0.868354 0.928105 0.129114 0.0280112
0 0.474684 0.172736 0.0936709 0.031746
0 0.391139 0.212418 0.0936709 0.0308123
0 0.396203 0.729225 0.078481 0.0298786
0 0.198101 0.330065 0.064557 0.0308123
0 0.0816456 0.211018 0.112658 0.0336134
0 0.920253 0.811391 0.0860759 0.0298786
0 0.91962 0.491597 0.0873418 0.0308123
0 0.698734 0.293651 0.103797 0.0326797
0 0.45443 0.851541 0.108861 0.0336134
0 0.133544 0.89169 0.0924051 0.0298786
0 0.093038 0.60831 0.143038 0.0326797
0 0.800633 0.571429 0.168354 0.0336134
0 0.567089 0.253968 0.0962025 0.0336134
0 0.193671 0.214753 0.0810127 0.031746
0 0.0892405 0.84874 0.125316 0.0336134
0 0.591772 0.171802 0.11519 0.031746
0 0.112025 0.568161 0.173418 0.0345472
0 0.423418 0.332866 0.1 0.0326797
0 0.0829114 0.529412 0.110127 0.0336134
0 0.126582 0.647993 0.207595 0.0336134
0 0.593038 0.570028 0.107595 0.0326797
0 0.607595 0.770775 0.0810127 0.0308123
0 0.425316 0.609244 0.177215 0.0345472
0 0.299367 0.330999 0.0974684 0.0326797
0 0.658228 0.528478 0.0632911 0.031746
0 0.916456 0.414099 0.101266 0.0345472
0 0.120886 0.45098 0.203797 0.0336134
0 0.467089 0.569561 0.121519 0.0354809
0 0.291772 0.648926 0.0721519 0.0336134
0 0.0987342 0.410364 0.149367 0.0345472
0 0.753165 0.490196 0.222785 0.0392157
0 0.567722 0.451447 0.0974684 0.0326797
0 0.240506 0.891223 0.0987342 0.0326797
0 0.126582 0.80719 0.212658 0.0345472
0 0.198734 0.253035 0.177215 0.0373483
0 0.306962 0.370215 0.127848 0.0364146
0 0.286709 0.451914 0.0822785 0.0336134
0 0.786709 0.531746 0.158228 0.0345472
0 0.288608 0.213352 0.078481 0.0326797
0 0.908861 0.453315 0.108861 0.0326797
0 0.74557 0.690943 0.220253 0.0373483
0 0.789873 0.411298 0.0810127 0.0308123
0 0.564557 0.490196 0.126582 0.0336134
0 0.866456 0.212418 0.213924 0.0364146
0 0.356962 0.892624 0.113924 0.0354809
0 0.441139 0.370215 0.117722 0.0345472
0 0.456962 0.80859 0.162025 0.0336134
0 0.362658 0.171335 0.11519 0.0326797
0 0.129114 0.487862 0.210127 0.0364146
0 0.3 0.80719 0.0987342 0.0326797
0 0.396835 0.489729 0.188608 0.0364146
0 0.0860759 0.331466 0.116456 0.0354809
0 0.422785 0.449113 0.134177 0.0354809
0 0.710127 0.810458 0.149367 0.0354809
0 0.592405 0.370215 0.172152 0.0364146
0 0.716456 0.768908 0.0886076 0.0326797
0 0.420253 0.64986 0.144304 0.0336134
0 0.899367 0.332866 0.140506 0.0345472
0 0.494304 0.770775 0.0949367 0.0308123
0 0.837975 0.771242 0.101266 0.0336134
0 0.231646 0.529879 0.141772 0.0345472
0 0.285443 0.567694 0.150633 0.0354809
0 0.73038 0.65126 0.134177 0.0345472
0 0.732278 0.332866 0.14557 0.0364146
0 0.286709 0.410831 0.168354 0.0336134
0 0.249367 0.609244 0.15443 0.0364146
0 0.713291 0.851541 0.148101 0.0336134
0 0.397468 0.530345 0.139241 0.0373483
0 0.893038 0.651727 0.14557 0.0354809
0 0.672152 0.410831 0.0962025 0.0336134
0 0.546835 0.529412 0.111392 0.031746
0 0.489873 0.410831 0.177215 0.0354809
0 0.256329 0.727824 0.165823 0.0345472
0 0.770886 0.451914 0.103797 0.0336134
0 0.878481 0.852007 0.16962 0.0345472
0 0.401899 0.0298786 0.234177 0.0410831
0 0.206329 0.768441 0.156962 0.0336134
0 0.617721 0.0289449 0.2 0.0410831
