0 0.831653 0.127168 0.143145 0.0346821
0 0.362903 0.511561 0.0846774 0.0327553
0 0.660282 0.540462 0.0705645 0.0327553
0 0.236895 0.193642 0.159274 0.0635838
0 0.265121 0.515414 0.0947581 0.0404624
0 0.316532 0.752409 0.125 0.0404624
0 0.484879 0.503854 0.179435 0.0404624
0 0.725806 0.117534 0.108871 0.0385356
0 0.168347 0.508671 0.102823 0.0423892
0 0.0544355 0.837187 0.0443548 0.0289017
0 0.356855 0.836223 0.0564516 0.0346821
0 0.53125 0.793834 0.0544355 0.0308285
0 0.920363 0.752409 0.078629 0.0289017
0 0.633065 0.122351 0.0483871 0.0366089
0 0.890121 0.369942 0.110887 0.0346821
0 0.743952 0.627168 0.120968 0.0327553
0 0.384073 0.17052 0.0826613 0.0366089
0 0.287298 0.449904 0.0826613 0.0404624
0 0.763105 0.498073 0.078629 0.0327553
0 0.293347 0.327553 0.046371 0.0308285
0 0.0997984 0.589595 0.106855 0.0385356
0 0.917339 0.708093 0.108871 0.0404624
0 0.729839 0.751445 0.169355 0.0385356
0 0.137097 0.758189 0.112903 0.0366089
0 0.635081 0.789981 0.157258 0.0385356
0 0.756048 0.711946 0.0645161 0.0366089
0 0.228831 0.176301 0.15121 0.0404624
0 0.793347 0.371869 0.0745968 0.0385356
0 0.546371 0.414258 0.0725806 0.0423892
0 0.0997984 0.127168 0.0745968 0.0385356
0 0.273185 0.710983 0.110887 0.0385356
0 0.510081 0.55106 0.100806 0.0385356
0 0.697581 0.249518 0.0766129 0.0327553
0 0.305444 0.586705 0.0866935 0.0366089
0 0.84879 0.408478 0.0524194 0.0308285
0 0.371976 0.447977 0.0907258 0.0327553
0 0.770161 0.540462 0.145161 0.0366089
0 0.597782 0.328516 0.0504032 0.0289017
0 0.553427 0.165703 0.0866935 0.0423892
0 0.0715726 0.554913 0.0625 0.0385356
0 0.52621 0.33526 0.0766129 0.0346821
0 0.078629 0.509634 0.0645161 0.0404624
0 0.861895 0.328516 0.171371 0.0404624
0 0.464718 0.83526 0.131048 0.0404624
0 0.370968 0.791907 0.0443548 0.0308285
0 0.849798 0.749518 0.0625 0.0346821
0 0.287298 0.671484 0.0987903 0.0404624
0 0.169355 0.412331 0.0927419 0.0385356
0 0.654234 0.980732 0.179435 0.0308285
0 0.0846774 0.410405 0.0685484 0.0346821
0 0.390121 0.671484 0.0826613 0.0327553
0 0.0826613 0.32659 0.0645161 0.0366089
0 0.112903 0.369942 0.125 0.0385356
0 0.623992 0.583815 0.046371 0.0346821
0 0.915323 0.537572 0.112903 0.0385356
0 0.436492 0.290944 0.0625 0.0308285
0 0.25 0.797688 0.177419 0.0346821
0 0.332661 0.244701 0.116935 0.0385356
0 0.795363 0.409441 0.0423387 0.0289017
0 0.229839 0.130058 0.165323 0.0366089
0 0.0655242 0.709056 0.0665323 0.0385356
0 0.915323 0.408478 0.0887097 0.0308285
0 0.674395 0.710983 0.0866935 0.0346821
0 0.617944 0.245665 0.078629 0.0366089
0 0.460685 0.416185 0.0987903 0.0346821
0 0.384073 0.547206 0.139113 0.0385356
0 0.681452 0.582852 0.0564516 0.0366089
0 0.105847 0.171484 0.0826613 0.0346821
0 0.320565 0.367052 0.0645161 0.0289017
0 0.535282 0.707129 0.139113 0.0385356
0 0.314516 0.409441 0.169355 0.0404624
0 0.222782 0.249518 0.0907258 0.0366089
0 0.58871 0.210019 0.0725806 0.0308285
0 0.716734 0.207129 0.179435 0.0404624
0 0.475806 0.252408 0.181452 0.0385356
0 0.435484 0.373796 0.157258 0.0346821
0 0.31754 0.632948 0.139113 0.0366089
0 0.542339 0.11657 0.108871 0.0404624
0 0.214718 0.288054 0.143145 0.0366089
0 0.653226 0.288054 0.185484 0.0404624
0 0.803427 0.245665 0.106855 0.0366089
0 0.148185 0.549133 0.078629 0.0385356
0 0.395161 0.708093 0.125 0.0366089
0 0.197581 0.634875 0.0806452 0.0327553
0 0.806452 0.159923 0.177419 0.0385356
0 0.416331 0.209056 0.0907258 0.0366089
0 0.900202 0.244701 0.078629 0.0346821
0 0.337702 0.208092 0.046371 0.0308285
0 0.252016 0.55106 0.108871 0.0385356
0 0.778226 0.583815 0.125 0.0308285
0 0.516129 0.290944 0.0806452 0.0385356
0 0.618952 0.632948 0.104839 0.0366089
0 0.234879 0.210019 0.135081 0.0385356
0 0.509073 0.210983 0.078629 0.0404624
0 0.912298 0.66763 0.143145 0.0366089
0 0.553427 0.373796 0.0745968 0.0308285
0 0.115927 0.84104 0.0745968 0.0289017
0 0.397177 0.122351 0.165323 0.0404624
0 0.907258 0.582852 0.108871 0.0366089
0 0.657258 0.370906 0.116935 0.0366089
0 0.425403 0.328516 0.129032 0.0404624
0 0.0887097 0.286127 0.0645161 0.0366089
0 0.450605 0.790944 0.0987903 0.0327553
0 0.353831 0.285164 0.0826613 0.0385356
0 0.0917339 0.632948 0.118952 0.0366089
0 0.871976 0.789981 0.127016 0.0385356
0 0.5 0.669557 0.133065 0.0404624
0 0.196573 0.671484 0.0665323 0.0404624
0 0.84375 0.285164 0.159274 0.0385356
0 0.107863 0.250482 0.102823 0.0385356
0 0.902218 0.623314 0.131048 0.0404624
0 0.212702 0.588632 0.102823 0.0366089
0 0.413306 0.583815 0.100806 0.0385356
0 0.496976 0.629094 0.143145 0.0404624
0 0.230847 0.369942 0.0907258 0.0346821
0 0.434476 0.748555 0.0987903 0.0366089
0 0.0927419 0.671484 0.120968 0.0404624
0 0.111895 0.209056 0.0987903 0.0366089
0 0.650202 0.66763 0.139113 0.0366089
0 0.246976 0.83815 0.163306 0.0385356
0 0.658266 0.160886 0.106855 0.044316
0 0.534274 0.586705 0.120968 0.0366089
0 0.767137 0.791907 0.0745968 0.0308285
0 0.698589 0.327553 0.139113 0.0385356
0 0.194556 0.33237 0.131048 0.0327553
0 0.548387 0.753372 0.125 0.0385356
0 0.785282 0.668593 0.102823 0.0346821
0 0.72379 0.409441 0.0806452 0.0327553
0 0.633065 0.411368 0.0806452 0.0327553
0 0.138105 0.44894 0.179435 0.0385356
0 0.158266 0.710983 0.0987903 0.0385356
