0 0.183123 0.612342 0.113662 0.0537975
0 0.318025 0.465981 0.15155 0.0522152
0 0.367968 0.686709 0.0516648 0.0506329
0 0.0849598 0.534019 0.0895522 0.0522152
0 0.335821 0.397152 0.0700344 0.0474684
0 0.010333 0.749209 0.0206659 0.039557
0 0.563146 0.172468 0.0929966 0.0506329
0 0.102755 0.678006 0.111366 0.0553797
0 0.160161 0.466772 0.141217 0.0537975
0 0.756028 0.931171 0.173364 0.0553797
0 0.198048 0.329905 0.0631458 0.0522152
0 0.21814 0.397152 0.174512 0.0537975
0 0.899541 0.704114 0.0884041 0.0537975
0 0.14868 0.84731 0.0585534 0.0522152
0 0.854765 0.539557 0.125144 0.056962
0 0.437428 0.467563 0.0688863 0.0490506
0 0.265786 0.329905 0.0746269 0.0490506
0 0.54248 0.466772 0.134328 0.0537975
0 0.227899 0.612342 0.0700344 0.0506329
0 0.421929 0.326741 0.0884041 0.0522152
0 0.644087 0.388449 0.0642939 0.0553797
0 0.370838 0.541139 0.126292 0.0537975
0 0.660161 0.538766 0.0895522 0.0553797
0 0.0574053 0.751582 0.0459242 0.0474684
0 0.107348 0.612342 0.143513 0.056962
0 0.494259 0.690665 0.0952928 0.0553797
0 0.0711825 0.464399 0.0505166 0.0490506
0 0.950057 0.531646 0.0700344 0.0506329
0 0.272675 0.189873 0.0907003 0.0506329
0 0.625718 0.168513 0.0551091 0.0522152
0 0.714122 0.160601 0.121699 0.0553797
0 0.770379 0.621835 0.0597015 0.0537975
0 0.280712 0.682753 0.10907 0.0522152
0 0.641217 0.696994 0.0838117 0.0553797
0 0.693456 0.310918 0.10333 0.0553797
0 0.443743 0.39557 0.132032 0.0537975
0 0.485649 0.177215 0.0619977 0.0506329
0 0.638921 0.238133 0.132032 0.0553797
0 0.104478 0.191456 0.0849598 0.056962
0 0.824914 0.380538 0.118255 0.0553797
0 0.270953 0.254747 0.0734788 0.0443038
0 0.494834 0.537975 0.107922 0.0537975
0 0.200344 0.190665 0.053961 0.0522152
0 0.897245 0.215981 0.129736 0.0553797
0 0.223307 0.536392 0.122847 0.0537975
0 0.54535 0.315665 0.158439 0.0522152
0 0.705511 0.461234 0.0998852 0.0553797
0 0.71814 0.386867 0.0861079 0.0522152
0 0.838691 0.621835 0.104478 0.056962
0 0.0901263 0.262658 0.0585534 0.0506329
0 0.752583 0.703323 0.0929966 0.0490506
0 0.878301 0.139241 0.114811 0.056962
0 0.398967 0.186709 0.106774 0.0506329
0 0.315155 0.610759 0.0792193 0.0506329
0 0.753157 0.538766 0.0803674 0.0553797
0 0.817451 0.303006 0.130884 0.0553797
0 0.574053 0.616297 0.126292 0.0522152
0 0.173938 0.258703 0.111366 0.0522152
0 0.82147 0.457278 0.129736 0.0601266
0 0.517796 0.247627 0.10333 0.0522152
0 0.689437 0.621044 0.0907003 0.0553797
0 0.139495 0.754747 0.0998852 0.0506329
0 0.558553 0.391614 0.106774 0.0553797
0 0.387486 0.256329 0.143513 0.0506329
0 0.107348 0.328323 0.104478 0.0553797
0 0.0895522 0.396361 0.075775 0.0553797
