0 0.790198 0.895 0.0340219 0.0197143
0 0.524301 0.775143 0.0392872 0.0154286
0 0.319765 0.774857 0.0789793 0.0165714
0 0.888011 0.795286 0.0481976 0.0157143
0 0.801134 0.940429 0.117456 0.0151429
0 0.461725 0.406429 0.0623734 0.0191429
0 0.157554 0.137857 0.0850547 0.0157143
0 0.603686 0.200286 0.177805 0.0188571
0 0.794249 0.776 0.123937 0.0165714
0 0.710004 0.201143 0.0988254 0.0177143
0 0.393074 0.775286 0.0676387 0.0162857
0 0.628797 0.940571 0.131632 0.0142857
0 0.319968 0.138429 0.0639935 0.014
0 0.682665 0.775571 0.108141 0.0162857
0 0.253544 0.138143 0.0639935 0.0134286
0 0.22418 0.480571 0.0579182 0.0188571
0 0.394289 0.375286 0.0822195 0.022
0 0.204941 0.280571 0.0429324 0.0182857
0 0.68145 0.794286 0.0441474 0.016
0 0.884771 0.849429 0.0287566 0.016
0 0.336371 0.813143 0.0514378 0.0154286
0 0.865533 0.775571 0.0996355 0.0168571
0 0.466383 0.775286 0.0814095 0.0162857
0 0.574929 0.775429 0.0652086 0.016
0 0.384164 0.139143 0.0676387 0.0148571
0 0.337384 0.481143 0.0510328 0.0177143
0 0.246659 0.774429 0.091535 0.0157143
0 0.31369 0.0715714 0.0959903 0.0134286
0 0.852977 0.895286 0.0874848 0.0225714
0 0.17659 0.812429 0.0801944 0.0151429
0 0.843864 0.795429 0.133252 0.0182857
0 0.204334 0.0714286 0.054678 0.012
0 0.314905 0.406143 0.0425273 0.0197143
0 0.466383 0.812714 0.0595383 0.0162857
0 0.741798 0.893714 0.0328068 0.0182857
0 0.116444 0.532 0.0514378 0.0188571
0 0.318348 0.376857 0.0745241 0.0205714
0 0.395909 0.812429 0.0838396 0.0168571
0 0.739571 0.794571 0.0785743 0.0171429
0 0.487647 0.794571 0.0980154 0.0165714
0 0.420616 0.406143 0.142973 0.0202857
0 0.117861 0.681714 0.0850547 0.0205714
0 0.114419 0.510714 0.0976104 0.0202857
0 0.472863 0.376143 0.073309 0.0214286
0 0.7742 0.85 0.0319968 0.0165714
0 0.0751316 0.0711429 0.018226 0.0114286
0 0.829688 0.849714 0.0319968 0.0171429
0 0.13467 0.773143 0.116241 0.0177143
0 0.671122 0.0761429 0.0445524 0.0202857
0 0.26691 0.812571 0.0955853 0.0165714
0 0.880518 0.941429 0.055083 0.0142857
0 0.801134 0.077 0.108546 0.0202857
0 0.607331 0.794714 0.105711 0.0168571
0 0.358242 0.434857 0.122722 0.0188571
0 0.341636 0.463 0.104901 0.0191429
0 0.222965 0.793857 0.107331 0.0162857
0 0.216889 0.403429 0.09032 0.0211429
0 0.116444 0.793 0.0846497 0.0174286
0 0.35966 0.794571 0.140138 0.0182857
0 0.55002 0.813286 0.0972053 0.0168571
0 0.2258 0.461714 0.0968003 0.0205714
0 0.44998 0.567143 0.0882949 0.0194286
0 0.104901 0.812143 0.0567031 0.0157143
0 0.280275 0.282857 0.104496 0.0205714
0 0.285743 0.699429 0.073309 0.0222857
0 0.126974 0.0708571 0.0797894 0.0131429
0 0.116849 0.905714 0.0619684 0.0148571
0 0.117051 0.661 0.102876 0.0214286
0 0.219522 0.2 0.0931551 0.0182857
0 0.229648 0.341429 0.0866748 0.0205714
0 0.735723 0.472571 0.0498177 0.0194286
0 0.119077 0.847143 0.0810045 0.0165714
0 0.116646 0.702143 0.0874848 0.0185714
0 0.538275 0.569714 0.0761442 0.02
0 0.542122 0.637143 0.0449575 0.0194286
0 0.116444 0.873 0.0619684 0.0151429
0 0.444714 0.535429 0.0874848 0.0205714
0 0.248886 0.312714 0.106521 0.0208571
0 0.447955 0.637571 0.0858647 0.0214286
0 0.118267 0.300429 0.0818145 0.0197143
0 0.447347 0.696714 0.0886999 0.0191429
0 0.855205 0.473 0.0627785 0.0202857
0 0.542325 0.471857 0.0469826 0.022
0 0.8548 0.638857 0.0643985 0.02
0 0.630417 0.506286 0.0830296 0.0211429
0 0.408262 0.246429 0.0502228 0.0208571
0 0.734305 0.637714 0.0461725 0.0194286
0 0.114014 0.552143 0.0805994 0.0191429
0 0.443702 0.504429 0.0878898 0.0202857
0 0.737343 0.667286 0.0984204 0.022
0 0.628392 0.638714 0.0765492 0.0197143
0 0.214459 0.423429 0.0838396 0.0205714
0 0.283718 0.637429 0.0676387 0.0217143
0 0.283313 0.666571 0.072499 0.024
0 0.539895 0.699857 0.0850547 0.0197143
0 0.336574 0.536 0.0866748 0.02
0 0.227623 0.235714 0.106926 0.0182857
0 0.444917 0.666286 0.0870798 0.02
0 0.450587 0.471571 0.0854597 0.0202857
0 0.630012 0.568143 0.0838396 0.0197143
0 0.118672 0.413 0.0801944 0.0202857
0 0.540502 0.506286 0.0814095 0.0217143
0 0.447955 0.727857 0.0891049 0.0197143
0 0.550628 0.406143 0.103281 0.0197143
0 0.283718 0.728286 0.0660186 0.0194286
0 0.738558 0.566 0.102471 0.0205714
0 0.546578 0.731286 0.0765492 0.0191429
0 0.118267 0.232714 0.0810045 0.0162857
0 0.226812 0.505571 0.105306 0.0208571
0 0.544147 0.538286 0.0627785 0.0205714
0 0.739571 0.506571 0.0963953 0.0205714
0 0.631835 0.472429 0.0850547 0.0231429
0 0.734103 0.537 0.0951802 0.0202857
0 0.326448 0.203857 0.0842446 0.0202857
0 0.117861 0.391714 0.0810045 0.02
0 0.575334 0.248286 0.0846497 0.0194286
0 0.629405 0.537 0.0834346 0.0208571
0 0.483799 0.248429 0.0660186 0.022
0 0.209397 0.372714 0.0810045 0.0208571
0 0.227623 0.537571 0.114216 0.0202857
0 0.335966 0.504571 0.0919401 0.0205714
0 0.737141 0.698286 0.0955853 0.02
0 0.119077 0.321286 0.0826245 0.0202857
0 0.542325 0.669143 0.0882949 0.0217143
0 0.328473 0.244143 0.0793844 0.0202857
0 0.341636 0.565429 0.0959903 0.02
0 0.738761 0.730429 0.0980154 0.0208571
0 0.229445 0.568 0.09032 0.02
0 0.490482 0.109286 0.146618 0.026
