0 0.372013 0.376464 0.0984204 0.0217081
0 0.313285 0.461725 0.0506278 0.0185661
0 0.521669 0.774921 0.0429324 0.0148529
0 0.650668 0.940303 0.176185 0.0154242
0 0.788781 0.776207 0.112191 0.0168523
0 0.144188 0.510283 0.0494127 0.0185661
0 0.813082 0.795487 0.0757392 0.017138
0 0.675375 0.201228 0.164844 0.0174236
0 0.249696 0.0709797 0.0344269 0.0117109
0 0.329891 0.812482 0.0465776 0.0145673
0 0.113001 0.542274 0.0615634 0.0368466
0 0.606926 0.940303 0.0935601 0.0131391
0 0.802552 0.940303 0.0992305 0.0154242
0 0.719927 0.201228 0.0773593 0.0162811
0 0.322803 0.138103 0.0648036 0.0134247
0 0.324018 0.774065 0.0656136 0.0154242
0 0.679627 0.794202 0.0429324 0.0151385
0 0.108748 0.137532 0.0498177 0.0134247
0 0.570069 0.775064 0.0579182 0.0157098
0 0.222762 0.479292 0.0558931 0.0188518
0 0.482787 0.793916 0.0923451 0.0157098
0 0.560348 0.200371 0.0927501 0.0162811
0 0.390239 0.77435 0.0619684 0.0154242
0 0.0866748 0.510711 0.0469826 0.0182805
0 0.867355 0.775493 0.0943702 0.0165667
0 0.116646 0.531562 0.0494127 0.0188518
0 0.116646 0.792916 0.0882949 0.0148529
0 0.164642 0.137961 0.0643985 0.0137104
0 0.315512 0.405598 0.0461725 0.019423
0 0.46051 0.406312 0.0575132 0.0185661
0 0.255569 0.137961 0.0623734 0.0125678
0 0.46294 0.774921 0.0842446 0.0154242
0 0.875861 0.795201 0.0757392 0.017138
0 0.655529 0.775636 0.125962 0.0174236
0 0.111381 0.510854 0.101256 0.0191374
0 0.464358 0.812054 0.0587282 0.0159954
0 0.383961 0.13896 0.0648036 0.0145673
0 0.740786 0.894459 0.0324018 0.0202799
0 0.395707 0.405598 0.102876 0.0188518
0 0.829283 0.8499 0.0319968 0.0162811
0 0.739773 0.794059 0.0757392 0.0165667
0 0.393074 0.812482 0.0854597 0.0162811
0 0.264885 0.812482 0.0947752 0.0157098
0 0.202916 0.0706941 0.0591333 0.0117109
0 0.17821 0.81134 0.0737141 0.0157098
0 0.350142 0.794059 0.135682 0.017138
0 0.216687 0.793059 0.0996355 0.0168523
0 0.114824 0.681948 0.0838396 0.0179949
0 0.851964 0.895887 0.0773593 0.022565
0 0.32503 0.377464 0.0854597 0.0202799
0 0.315107 0.0708369 0.0939652 0.0131391
0 0.605508 0.79463 0.107736 0.0165667
0 0.544957 0.812768 0.105711 0.0168523
0 0.45808 0.37575 0.100446 0.0214225
0 0.342851 0.462725 0.100851 0.0188518
0 0.103686 0.811768 0.055083 0.0148529
0 0.773188 0.8499 0.0291616 0.0162811
0 0.338194 0.482005 0.0477926 0.0174236
0 0.243621 0.773779 0.09032 0.0159954
0 0.671527 0.0758355 0.0413123 0.0185661
0 0.117254 0.845758 0.0797894 0.0154242
0 0.264277 0.28092 0.142163 0.0208512
0 0.0739166 0.0701228 0.017416 0.0111397
0 0.224787 0.460726 0.0947752 0.0211368
0 0.36209 0.434304 0.125557 0.0185661
0 0.135682 0.772779 0.107736 0.0162811
0 0.782098 0.0768352 0.091535 0.017138
0 0.879506 0.941302 0.0595383 0.013996
0 0.111989 0.551557 0.0789793 0.0177092
0 0.218104 0.402742 0.09032 0.0217081
0 0.126569 0.0702656 0.0781693 0.0125678
0 0.116646 0.872893 0.0623734 0.0148529
0 0.114419 0.90617 0.0603483 0.0145673
0 0.247469 0.312197 0.109356 0.019423
0 0.542122 0.471151 0.0490077 0.0208512
0 0.734508 0.473008 0.0449575 0.0182805
0 0.855002 0.638675 0.0680437 0.019423
0 0.114824 0.660811 0.101661 0.0202799
0 0.540502 0.637246 0.0465776 0.0188518
0 0.22013 0.199229 0.0935601 0.0162811
0 0.541717 0.537275 0.0635885 0.0177092
0 0.213042 0.422308 0.0834346 0.0202799
0 0.22661 0.235219 0.106521 0.0185661
0 0.318348 0.244073 0.0688538 0.0185661
0 0.855812 0.472865 0.0607533 0.0191374
0 0.538275 0.566267 0.0623734 0.0179949
0 0.630012 0.537132 0.0870798 0.0179949
0 0.628595 0.637532 0.0793844 0.0199943
0 0.28068 0.635676 0.0599433 0.0185661
0 0.44593 0.728078 0.0826245 0.019423
0 0.388214 0.246501 0.0587282 0.0188518
0 0.118267 0.232362 0.0818145 0.0174236
0 0.448157 0.567695 0.09113 0.0191374
0 0.541717 0.505141 0.0668287 0.0185661
0 0.223167 0.505713 0.0818145 0.0191374
0 0.114419 0.701657 0.0846497 0.0185661
0 0.627177 0.506284 0.0822195 0.0191374
0 0.538072 0.73022 0.0643985 0.0197087
0 0.445322 0.636818 0.0854597 0.0202799
0 0.117861 0.299629 0.0818145 0.0182805
0 0.205751 0.6998 0.0672337 0.0257069
0 0.551033 0.406027 0.101661 0.0191374
0 0.336168 0.205656 0.0656136 0.019423
0 0.228028 0.341045 0.0818145 0.019423
0 0.269542 0.667095 0.0595383 0.0214225
0 0.629202 0.567695 0.09032 0.0179949
0 0.116646 0.390745 0.0810045 0.0188518
0 0.447145 0.694373 0.0818145 0.0188518
0 0.734305 0.637675 0.0494127 0.0197087
0 0.210409 0.373465 0.0781693 0.0197087
0 0.44593 0.536704 0.0858647 0.019423
0 0.539287 0.6998 0.0579182 0.0182805
0 0.26529 0.729791 0.0615634 0.0205656
0 0.449372 0.504285 0.0895099 0.0208512
0 0.463548 0.247215 0.0603483 0.0197087
0 0.27663 0.698943 0.0615634 0.0228506
0 0.629405 0.472436 0.0801944 0.0205656
0 0.736128 0.506855 0.0895099 0.0202799
0 0.745241 0.728649 0.0988254 0.0205656
0 0.443297 0.666952 0.0789793 0.019423
0 0.329688 0.53499 0.0785743 0.0182805
0 0.538882 0.669237 0.0862697 0.0205656
0 0.330296 0.567981 0.0830296 0.0197087
0 0.449372 0.471437 0.0814095 0.0197087
0 0.118267 0.320765 0.0801944 0.0182805
0 0.731875 0.536418 0.0810045 0.0199943
0 0.221345 0.537846 0.109761 0.0199943
0 0.117254 0.412311 0.0805994 0.0191374
0 0.741393 0.6988 0.0741191 0.0202799
0 0.54273 0.247786 0.0737141 0.0191374
0 0.743013 0.566981 0.0886999 0.0199943
0 0.32665 0.50557 0.0789793 0.019423
0 0.73066 0.669095 0.0810045 0.0214225
0 0.22661 0.567695 0.0854597 0.0197087
0 0.490482 0.109112 0.145808 0.0257069
