0 0.146573 0.509569 0.0479839 0.019423
0 0.64879 0.940303 0.158871 0.0148529
0 0.478226 0.800057 0.0733871 0.0268495
0 0.680242 0.793916 0.0403226 0.0151385
0 0.323185 0.773065 0.0584677 0.0168523
0 0.205444 0.0702656 0.0802419 0.0119966
0 0.801411 0.940446 0.104435 0.0151385
0 0.790726 0.775921 0.140323 0.0168523
0 0.608266 0.940017 0.0915323 0.0125678
0 0.878831 0.775493 0.0641129 0.0165667
0 0.20625 0.137675 0.0407258 0.0142816
0 0.643347 0.775207 0.0875 0.0165667
0 0.319355 0.0705513 0.0903226 0.0131391
0 0.569556 0.775207 0.0657258 0.0159954
0 0.161895 0.137532 0.0479839 0.0145673
0 0.320766 0.137961 0.0633065 0.0131391
0 0.112903 0.136818 0.0580645 0.0142816
0 0.580847 0.200086 0.134274 0.0179949
0 0.844556 0.795201 0.135887 0.0182805
0 0.487903 0.793345 0.0975806 0.0162811
0 0.333468 0.812196 0.0451613 0.0151385
0 0.376411 0.773493 0.096371 0.0165667
0 0.254032 0.460297 0.0475806 0.0191374
0 0.466734 0.812339 0.0616935 0.0165667
0 0.117137 0.531134 0.0487903 0.0185661
0 0.227218 0.479006 0.046371 0.019423
0 0.850605 0.895601 0.0810484 0.0214225
0 0.465524 0.774636 0.0834677 0.0154242
0 0.671371 0.0762639 0.0403226 0.0182805
0 0.357258 0.46144 0.0758065 0.0191374
0 0.739919 0.894316 0.0314516 0.019423
0 0.406452 0.373893 0.0717742 0.0205656
0 0.704637 0.201085 0.107661 0.017138
0 0.471169 0.374036 0.0705645 0.0197087
0 0.31754 0.460583 0.0576613 0.0191374
0 0.391935 0.812196 0.091129 0.0174236
0 0.25504 0.137818 0.0633065 0.0134247
0 0.828226 0.849757 0.0330645 0.0165667
0 0.463911 0.406027 0.0600806 0.0191374
0 0.798589 0.0768352 0.0979839 0.017138
0 0.735887 0.794344 0.0854839 0.017138
0 0.383871 0.138675 0.0629032 0.0145673
0 0.135484 0.772636 0.114516 0.0165667
0 0.113105 0.509712 0.0955645 0.0202799
0 0.316532 0.404313 0.041129 0.0202799
0 0.357661 0.793059 0.142742 0.0185661
0 0.10746 0.809626 0.0600806 0.0145673
0 0.117339 0.681234 0.0814516 0.0188518
0 0.11996 0.792059 0.0891129 0.0154242
0 0.125202 0.0701228 0.0737903 0.0128535
0 0.179839 0.810768 0.0733871 0.0157098
0 0.206452 0.460583 0.0596774 0.0202799
0 0.609476 0.794344 0.109274 0.0177092
0 0.545968 0.813196 0.107258 0.017138
0 0.77379 0.850043 0.0274194 0.0165667
0 0.339315 0.481148 0.0495968 0.0179949
0 0.219355 0.401742 0.0919355 0.0208512
0 0.21754 0.792773 0.0987903 0.0168523
0 0.390726 0.404884 0.0879032 0.0197087
0 0.367742 0.434162 0.104032 0.019423
0 0.878226 0.941588 0.0572581 0.013996
0 0.248185 0.77335 0.0931452 0.0162811
0 0.0774194 0.0702656 0.0201613 0.0131391
0 0.325 0.376607 0.0814516 0.0208512
0 0.264516 0.811482 0.0887097 0.0159954
0 0.11754 0.845473 0.0754032 0.0142816
0 0.116129 0.660526 0.0975806 0.0202799
0 0.628024 0.50557 0.0729839 0.0188518
0 0.539919 0.636532 0.0483871 0.0197087
0 0.116734 0.551128 0.0818548 0.0197087
0 0.544153 0.505713 0.0883064 0.0208512
0 0.272379 0.28092 0.149597 0.0214225
0 0.229435 0.34076 0.0830645 0.019423
0 0.215726 0.421023 0.0862903 0.0199943
0 0.117339 0.701657 0.083871 0.0191374
0 0.449597 0.729649 0.0903226 0.0191374
0 0.119153 0.872608 0.0608871 0.0148529
0 0.629435 0.536133 0.0798387 0.019423
0 0.734879 0.472865 0.0504032 0.0191374
0 0.246371 0.311482 0.118548 0.0197087
0 0.117742 0.905741 0.058871 0.0159954
0 0.733065 0.6998 0.0870968 0.0188518
0 0.449597 0.567267 0.091129 0.019423
0 0.853024 0.638675 0.0649194 0.019423
0 0.854436 0.473151 0.0629032 0.0197087
0 0.221371 0.198943 0.0919355 0.0168523
0 0.282863 0.635533 0.0649194 0.0205656
0 0.63004 0.637675 0.0762097 0.0191374
0 0.732258 0.637961 0.0459677 0.0191374
0 0.229032 0.234933 0.107258 0.0191374
0 0.541129 0.471151 0.0483871 0.0214225
0 0.540323 0.729506 0.066129 0.0188518
0 0.325202 0.243359 0.0762097 0.019423
0 0.318548 0.205656 0.0685484 0.0182805
0 0.543952 0.567981 0.0612903 0.0191374
0 0.544556 0.537275 0.0689516 0.019423
0 0.448387 0.503713 0.0854839 0.0197087
0 0.118548 0.39046 0.0806452 0.0199943
0 0.448387 0.535704 0.091129 0.0197087
0 0.573992 0.248072 0.0608871 0.0179949
0 0.410282 0.244644 0.0544355 0.0202799
0 0.53871 0.698372 0.0645161 0.019423
0 0.331855 0.503713 0.0870968 0.0191374
0 0.11875 0.411597 0.0794355 0.019423
0 0.540121 0.666952 0.0665323 0.0205656
0 0.21371 0.372179 0.0774194 0.0199943
0 0.449597 0.470294 0.0870968 0.0202799
0 0.731653 0.536561 0.0818548 0.0197087
0 0.445565 0.697372 0.0870968 0.0185661
0 0.740524 0.666381 0.0810484 0.0211368
0 0.11996 0.231934 0.0818548 0.0188518
0 0.488306 0.246787 0.0669355 0.0205656
0 0.289315 0.727078 0.0754032 0.0185661
0 0.551008 0.406027 0.10121 0.0197087
0 0.222984 0.504856 0.083871 0.0202799
0 0.631653 0.566981 0.0834677 0.0199943
0 0.335887 0.565696 0.0927419 0.0191374
0 0.729839 0.504856 0.0790323 0.0197087
0 0.736694 0.564267 0.0790323 0.0202799
0 0.11996 0.298915 0.0802419 0.0202799
0 0.630645 0.471722 0.0854839 0.022565
0 0.44879 0.636818 0.0822581 0.0208512
0 0.330444 0.536847 0.0850806 0.0191374
0 0.279032 0.666238 0.0741935 0.0219937
0 0.226815 0.535561 0.0866935 0.0205656
0 0.282863 0.696087 0.0737903 0.0205656
0 0.225403 0.565267 0.0766129 0.0199943
0 0.741532 0.729363 0.0830645 0.0197087
0 0.44496 0.666238 0.0818548 0.0197087
0 0.119758 0.320623 0.0798387 0.0191374
0 0.490927 0.108969 0.147984 0.02485
