0 0.69806 0.201742 0.115602 0.0168475
0 0.317098 0.37707 0.0788197 0.0202741
0 0.116006 0.859509 0.0662894 0.0399772
0 0.394907 0.3755 0.0703314 0.0217019
0 0.798302 0.940463 0.12207 0.0151342
0 0.249394 0.0718161 0.0355699 0.0111365
0 0.522635 0.775271 0.0452708 0.0154198
0 0.316289 0.139349 0.0586095 0.0137065
0 0.310226 0.463021 0.0472918 0.0174186
0 0.118027 0.682039 0.0840744 0.0185608
0 0.38945 0.775271 0.0699272 0.0159909
0 0.253638 0.138778 0.0658852 0.0137065
0 0.64713 0.775985 0.10671 0.0162764
0 0.159256 0.138207 0.114794 0.0159909
0 0.776071 0.776699 0.0864996 0.016562
0 0.317098 0.774843 0.0650768 0.0157053
0 0.629547 0.940748 0.135408 0.013992
0 0.0889248 0.510851 0.0501213 0.0188464
0 0.224131 0.481296 0.0513339 0.0179897
0 0.115804 0.532696 0.0537591 0.0185608
0 0.199677 0.0718161 0.0557801 0.0111365
0 0.881568 0.849943 0.0291027 0.0162764
0 0.677445 0.794832 0.0404204 0.0157053
0 0.633589 0.200885 0.238076 0.019703
0 0.379749 0.139634 0.0642684 0.0148487
0 0.461803 0.775271 0.0820534 0.016562
0 0.567906 0.775557 0.0630558 0.0159909
0 0.173201 0.81225 0.0828618 0.0162764
0 0.669766 0.0759566 0.0420372 0.0177042
0 0.48363 0.794689 0.0949879 0.016562
0 0.875303 0.776128 0.0707356 0.0177042
0 0.333064 0.812964 0.047696 0.0131354
0 0.313864 0.0716733 0.0949879 0.0125642
0 0.355699 0.376214 0.152789 0.0225585
0 0.344179 0.463449 0.0933711 0.0171331
0 0.848828 0.895488 0.0881164 0.0234152
0 0.105295 0.812678 0.0578011 0.0154198
0 0.774859 0.078241 0.110752 0.0188464
0 0.739693 0.894203 0.0323363 0.0191319
0 0.772029 0.850086 0.0291027 0.016562
0 0.126112 0.510708 0.09135 0.0208452
0 0.393897 0.812536 0.0828618 0.0157053
0 0.463622 0.812821 0.0582053 0.0162764
0 0.337106 0.481867 0.0485044 0.0174186
0 0.126718 0.0716733 0.0844786 0.0119931
0 0.226152 0.462736 0.0990299 0.0191319
0 0.842967 0.795831 0.132983 0.0188464
0 0.260307 0.812393 0.09135 0.0154198
0 0.462813 0.406339 0.0582053 0.0182753
0 0.877122 0.941748 0.0549717 0.0137065
0 0.313258 0.406054 0.0404204 0.0194175
0 0.735449 0.794546 0.0820534 0.0162764
0 0.826394 0.850086 0.0311237 0.0177042
0 0.0731609 0.0718161 0.0153597 0.0105654
0 0.356912 0.79426 0.143088 0.0174186
0 0.242926 0.774272 0.0881164 0.0157053
0 0.216855 0.793404 0.0990299 0.0162764
0 0.114996 0.793118 0.0804365 0.0162764
0 0.351253 0.434609 0.122878 0.0182753
0 0.217259 0.199743 0.0949879 0.019703
0 0.232417 0.341662 0.0767987 0.0185608
0 0.1154 0.847087 0.0804365 0.0168475
0 0.604487 0.794832 0.106306 0.0168475
0 0.216653 0.404055 0.09135 0.0205597
0 0.390259 0.405911 0.0885206 0.0185608
0 0.13945 0.773415 0.108327 0.0174186
0 0.546686 0.813392 0.0957963 0.0174186
0 0.464228 0.249001 0.0553759 0.0199886
0 0.249192 0.282981 0.0836702 0.0194175
0 0.470897 0.3755 0.0679062 0.0217019
0 0.215643 0.422758 0.0885206 0.0208452
0 0.853678 0.473444 0.061439 0.0182753
0 0.116411 0.873215 0.0606306 0.0159909
0 0.541027 0.47273 0.0448666 0.0191319
0 0.252829 0.312107 0.0933711 0.0194175
0 0.116613 0.660765 0.10388 0.0199886
0 0.54042 0.637207 0.0460792 0.0208452
0 0.73363 0.473158 0.0452708 0.0177042
0 0.851657 0.639063 0.065481 0.0188464
0 0.443614 0.730725 0.0909458 0.0188464
0 0.227971 0.235722 0.105901 0.0179897
0 0.738682 0.507567 0.0917542 0.0191319
0 0.398545 0.248429 0.0630558 0.0211308
0 0.1154 0.906625 0.0610348 0.0154198
0 0.115602 0.70217 0.0864996 0.016562
0 0.628335 0.637636 0.0788197 0.0199886
0 0.114592 0.552399 0.0804365 0.0179897
0 0.444422 0.637207 0.0844786 0.0214163
0 0.280719 0.636779 0.0626516 0.0194175
0 0.626314 0.506425 0.0788197 0.0174186
0 0.44523 0.665905 0.0836702 0.0194175
0 0.319523 0.247716 0.0772029 0.0191319
0 0.733832 0.637636 0.0505255 0.0194175
0 0.628739 0.472159 0.0812449 0.0191319
0 0.543452 0.698744 0.0707356 0.0194175
0 0.539006 0.731725 0.0917542 0.0202741
0 0.629345 0.53755 0.0864996 0.0191319
0 0.538399 0.668618 0.083266 0.0202741
0 0.117219 0.320959 0.0824576 0.0194175
0 0.115198 0.391776 0.0792239 0.0188464
0 0.534964 0.249429 0.0602264 0.019703
0 0.539612 0.506282 0.0622474 0.0177042
0 0.117219 0.233152 0.0792239 0.0168475
0 0.332255 0.56739 0.087308 0.0188464
0 0.32498 0.504997 0.0808407 0.0179897
0 0.116411 0.299829 0.0808407 0.0188464
0 0.331447 0.535694 0.0937753 0.0194175
0 0.536783 0.537978 0.0622474 0.0188464
0 0.735651 0.728869 0.0970089 0.0202741
0 0.116411 0.413478 0.0792239 0.0194175
0 0.444826 0.504426 0.0844786 0.0191319
0 0.283953 0.728726 0.0723525 0.0205597
0 0.208771 0.37293 0.0780113 0.0188464
0 0.224939 0.506282 0.0844786 0.0205597
0 0.549919 0.406625 0.100647 0.0194175
0 0.446443 0.47173 0.0812449 0.0182753
0 0.440178 0.698172 0.0824576 0.0188464
0 0.226556 0.535979 0.0820534 0.0205597
0 0.439572 0.535979 0.0804365 0.0194175
0 0.630558 0.56582 0.0824576 0.0202741
0 0.743129 0.535837 0.0828618 0.019703
0 0.220291 0.567818 0.101051 0.0202741
0 0.279305 0.668475 0.0719483 0.0194175
0 0.741714 0.567105 0.0735651 0.0199886
0 0.279507 0.697887 0.0642684 0.0182753
0 0.537793 0.566533 0.06346 0.0194175
0 0.743331 0.696174 0.0953921 0.0199886
0 0.439976 0.566391 0.0772029 0.019703
0 0.324171 0.205882 0.0751819 0.0199886
0 0.738682 0.669617 0.0836702 0.0205597
0 0.489087 0.109652 0.14713 0.0239863
