0 0.250607 0.071184 0.0424757 0.011127
0 0.605987 0.939943 0.0930421 0.0134094
0 0.521845 0.774893 0.0428803 0.0154066
0 0.345065 0.799857 0.092233 0.028816
0 0.330097 0.812268 0.0461165 0.0148359
0 0.380663 0.139372 0.0703883 0.0162625
0 0.883091 0.849358 0.0299353 0.0154066
0 0.810073 0.940514 0.0974919 0.0151213
0 0.587176 0.200428 0.152508 0.0202568
0 0.321197 0.773894 0.066343 0.0162625
0 0.64907 0.940086 0.169498 0.0154066
0 0.791464 0.775749 0.112055 0.0165478
0 0.154733 0.137803 0.103964 0.0159772
0 0.466222 0.37632 0.0869741 0.0211127
0 0.338592 0.47204 0.0671521 0.0350927
0 0.14462 0.510128 0.0513754 0.0199715
0 0.254248 0.138659 0.0627023 0.0136947
0 0.421117 0.375606 0.148058 0.0225392
0 0.461772 0.406705 0.0521845 0.0196862
0 0.680623 0.793866 0.0408576 0.0151213
0 0.865696 0.775464 0.0962783 0.0171184
0 0.484628 0.793581 0.0962783 0.0162625
0 0.324838 0.138802 0.0873786 0.0156919
0 0.222694 0.479601 0.059466 0.0199715
0 0.649474 0.775178 0.108819 0.0171184
0 0.38835 0.77418 0.0687702 0.0162625
0 0.117314 0.531669 0.0517799 0.0196862
0 0.573018 0.775036 0.0602751 0.0162625
0 0.117516 0.792154 0.0894013 0.0151213
0 0.851537 0.895292 0.0809061 0.0216833
0 0.657767 0.201712 0.203883 0.0199715
0 0.202265 0.0714693 0.0517799 0.0116976
0 0.464401 0.77475 0.0865696 0.0156919
0 0.335761 0.481455 0.0550162 0.0174037
0 0.672128 0.0766049 0.0449029 0.0196862
0 0.466019 0.812268 0.0606796 0.0165478
0 0.313714 0.0717546 0.0934466 0.0134094
0 0.315129 0.406277 0.0436893 0.0205421
0 0.7411 0.894294 0.0323625 0.0196862
0 0.112864 0.510699 0.10356 0.0205421
0 0.772249 0.0767475 0.106796 0.0199715
0 0.846278 0.795007 0.134304 0.0185449
0 0.315939 0.377461 0.0776699 0.0205421
0 0.392395 0.812696 0.0898058 0.0168331
0 0.397047 0.405706 0.106392 0.0205421
0 0.738673 0.794151 0.0825243 0.0168331
0 0.831513 0.849501 0.0311489 0.0162625
0 0.353762 0.793723 0.139563 0.017689
0 0.114887 0.681598 0.0841424 0.0182596
0 0.265372 0.812268 0.0938511 0.0159772
0 0.244943 0.773752 0.0910194 0.0159772
0 0.546521 0.813124 0.108414 0.0171184
0 0.104167 0.81127 0.0554207 0.0151213
0 0.879854 0.941512 0.0566343 0.0142653
0 0.0726133 0.0708987 0.0165858 0.011127
0 0.116707 0.846077 0.0796926 0.0145506
0 0.774879 0.849786 0.0287217 0.0168331
0 0.216222 0.792867 0.0966828 0.0165478
0 0.607403 0.794437 0.106392 0.0168331
0 0.12682 0.0708987 0.0845469 0.0122682
0 0.135922 0.772896 0.11165 0.0165478
0 0.356392 0.434379 0.125405 0.0196862
0 0.175971 0.81127 0.0744337 0.0151213
0 0.223301 0.461484 0.0954693 0.021398
0 0.217638 0.2 0.092233 0.0194009
0 0.543487 0.471184 0.0489482 0.021398
0 0.735235 0.667332 0.0780744 0.0199715
0 0.217031 0.403281 0.0910194 0.021398
0 0.117112 0.872468 0.0610841 0.0142653
0 0.34021 0.463053 0.10356 0.0194009
0 0.27144 0.282026 0.13754 0.021398
0 0.115089 0.906134 0.059466 0.0148359
0 0.114078 0.551783 0.0817152 0.0188302
0 0.541464 0.637375 0.045712 0.0188302
0 0.735235 0.472611 0.0473301 0.0185449
0 0.256675 0.312268 0.0918285 0.0208274
0 0.629854 0.536662 0.079288 0.0182596
0 0.854571 0.638944 0.0651295 0.0196862
0 0.442961 0.728245 0.0898058 0.0208274
0 0.855583 0.473466 0.0647249 0.0196862
0 0.740494 0.505849 0.0910194 0.0199715
0 0.1161 0.660628 0.102751 0.0196862
0 0.228358 0.341227 0.0813107 0.0194009
0 0.539037 0.728388 0.086165 0.0199715
0 0.447411 0.56719 0.0881877 0.0188302
0 0.223706 0.505991 0.0776699 0.0202568
0 0.115696 0.70214 0.0865696 0.0188302
0 0.550566 0.406562 0.101942 0.0199715
0 0.739684 0.566762 0.0950647 0.0202568
0 0.734021 0.637803 0.0473301 0.0191155
0 0.438511 0.504993 0.0833333 0.0194009
0 0.226537 0.235521 0.104369 0.0185449
0 0.213794 0.422539 0.0845469 0.0211127
0 0.445995 0.636662 0.085356 0.0208274
0 0.280138 0.635663 0.0627023 0.0194009
0 0.62682 0.507275 0.0796926 0.0188302
0 0.279733 0.726676 0.0667476 0.0194009
0 0.540453 0.538088 0.0873786 0.0205421
0 0.440534 0.536805 0.0849515 0.0185449
0 0.208131 0.372896 0.0772654 0.0199715
0 0.738066 0.698716 0.0821197 0.0182596
0 0.628439 0.637803 0.0796926 0.0196862
0 0.537217 0.568046 0.079288 0.0188302
0 0.117314 0.412268 0.0841424 0.0199715
0 0.335761 0.24465 0.107605 0.0208274
0 0.452063 0.69515 0.0918285 0.0202568
0 0.627832 0.472611 0.0817152 0.0208274
0 0.739482 0.536234 0.091424 0.0208274
0 0.442759 0.667047 0.0837379 0.0205421
0 0.546723 0.698003 0.0627023 0.0191155
0 0.336165 0.534237 0.0809061 0.0202568
0 0.117718 0.300143 0.0833333 0.0199715
0 0.627225 0.247932 0.112055 0.0205421
0 0.118528 0.232525 0.0833333 0.017689
0 0.116909 0.391155 0.0825243 0.0194009
0 0.335558 0.565193 0.0821197 0.0199715
0 0.429005 0.245649 0.0651295 0.0222539
0 0.747168 0.728245 0.0752427 0.0191155
0 0.222492 0.568331 0.110032 0.0216833
0 0.336974 0.503424 0.0873786 0.0196862
0 0.626214 0.566191 0.0833333 0.0185449
0 0.317557 0.205991 0.0857605 0.0211127
0 0.118325 0.32097 0.0837379 0.0199715
0 0.539644 0.668188 0.0865696 0.0199715
0 0.275485 0.697575 0.0736246 0.0216833
0 0.448625 0.471755 0.0809061 0.0202568
0 0.53843 0.505849 0.0825243 0.0205421
0 0.271238 0.667047 0.0691748 0.0216833
0 0.515574 0.246933 0.0845469 0.0208274
0 0.223503 0.537803 0.10801 0.0211127
0 0.490494 0.109558 0.146036 0.0256776
